# Working Problem (9*9 grid, 3*3 subgrid)
3,7,0,1,8,0,0,0,0 0,4,0,9,0,0,0,0,0 0,0,8,0,4,7,0,0,0 0,3,9,0,5,0,1,2,0 6,2,0,0,9,0,0,4,5 0,5,4,0,7,0,6,9,0 0,0,0,5,2,0,3,0,0 0,0,0,0,0,8,0,7,0 0,0,0,0,3,6,0,1,4
4,0,5,0,2,0,0,0,0 0,0,0,7,5,0,0,0,0 0,0,0,0,0,0,4,0,3 0,2,0,0,0,8,0,0,6 0,0,0,0,0,0,7,0,1 0,8,0,0,9,0,0,0,0 0,0,3,2,7,0,0,0,0 0,0,1,0,0,0,6,9,0 0,0,7,6,0,0,0,1,0
0,0,0,0,0,0,0,5,3 0,0,2,7,0,9,0,4,0 0,0,7,8,0,0,0,0,0 0,3,0,0,0,0,0,0,6 0,0,0,9,0,1,0,0,0 0,8,9,0,0,2,0,0,7 4,0,0,0,0,0,2,0,0 1,0,0,0,6,0,9,0,0 8,0,0,0,4,0,0,0,0

# Working Problem (9*9 grid, 3*3 subgrid, World's hardest Sudoku)
8,0,0,0,0,0,0,0,0 0,0,3,6,0,0,0,0,0 0,7,0,0,9,0,2,0,0 0,5,0,0,0,7,0,0,0 0,0,0,0,4,5,7,0,0 0,0,0,1,0,0,0,3,0 0,0,1,0,0,0,0,6,8 0,0,8,5,0,0,0,1,0 0,9,0,0,0,0,4,0,0

# Working Problem (12*12 grid, 3*4 subgrid)
0,0,10,0,1,0,0,0,0,9,0,0 0,4,1,0,0,0,5,0,0,0,3,0 5,0,0,2,6,0,10,3,0,0,4,1 0,0,0,10,0,0,0,2,1,5,0,0 0,0,9,11,0,4,0,0,0,12,0,10 0,8,5,0,0,10,11,7,0,0,0,0 0,0,0,0,4,12,6,0,0,11,9,0 10,0,11,0,0,0,3,0,5,2,0,0 0,0,7,6,11,0,0,0,12,0,0,0 4,1,0,0,2,7,0,6,11,0,0,12 0,2,0,0,0,3,0,0,0,7,5,0 0,0,3,0,0,0,0,12,0,1,0,0

# Working Problem (25*25 grid, 5*5 subgrid)
0,7,15,0,25,0,3,0,0,21,14,20,6,11,0,22,24,0,0,9,0,19,0,16,0 0,0,22,21,4,0,10,0,7,6,0,8,18,0,17,13,14,1,0,23,2,0,25,0,11 8,0,1,19,0,4,17,16,0,25,23,0,0,0,13,12,11,5,0,0,0,0,14,24,10 13,20,6,0,17,5,0,24,0,23,0,0,0,9,25,0,0,7,10,8,4,0,0,15,18 23,24,0,16,9,19,0,0,2,0,0,0,0,5,0,0,0,0,4,3,22,20,12,0,21 0,15,10,0,5,21,7,0,0,0,8,6,0,4,23,16,0,18,0,0,0,3,0,14,0 7,0,0,0,3,10,0,12,6,15,20,18,16,0,0,0,0,0,0,13,0,0,9,11,2 24,8,0,17,0,3,16,0,25,0,22,0,21,0,0,11,5,10,20,0,23,0,0,1,0 20,1,11,2,23,22,0,14,13,0,12,0,19,0,9,24,0,0,8,21,6,0,0,17,4 0,14,0,9,0,0,0,2,0,19,0,1,0,15,7,0,25,4,0,17,0,12,8,0,0 15,0,0,5,12,17,20,0,21,1,6,11,0,14,0,0,18,0,22,16,3,24,23,0,0 22,21,4,0,0,8,0,0,15,0,18,0,9,24,0,0,19,0,0,14,25,17,0,2,5 0,19,0,8,0,0,0,13,0,3,2,21,25,0,0,0,0,20,12,0,10,0,16,7,6 0,0,25,0,0,0,14,7,5,0,0,19,13,3,12,2,10,0,21,24,18,15,1,4,0 14,16,0,13,0,24,0,0,19,11,0,5,15,7,10,0,0,3,17,6,0,0,0,0,20 19,0,0,7,0,9,21,1,0,8,0,4,24,0,0,0,20,0,0,2,14,0,13,0,0 21,0,3,12,0,14,0,0,0,0,16,0,0,0,0,18,0,13,0,1,0,11,2,5,25 6,17,0,23,0,20,0,4,0,18,0,13,0,22,0,15,9,12,11,5,16,0,7,19,0 0,2,24,0,11,12,0,0,22,0,3,25,17,0,18,19,23,0,0,7,15,0,0,6,1 16,9,0,0,14,0,23,0,11,24,5,15,0,0,1,4,0,17,6,0,8,21,22,20,0 25,5,0,15,0,0,1,0,20,17,0,23,8,19,11,0,22,0,2,18,24,13,0,3,0 0,3,0,0,21,6,15,10,8,12,0,0,20,0,16,23,0,24,1,19,0,0,5,0,17 17,6,0,0,16,0,4,3,0,0,13,0,22,2,0,0,0,0,0,15,9,7,0,0,8 0,11,20,0,19,13,0,22,16,9,25,0,12,0,3,0,21,14,0,10,0,4,18,23,0 9,0,18,14,0,23,0,11,24,0,0,7,10,1,0,0,17,6,25,0,21,22,0,12,0

# Incomplete Problem (9*9 grid, 3*3 subgrid)
0,0,0,0,0,0,0,5,3 0,0,2,7,0,9,0,4,0 0,0,7,8,0,0,0,0,0 0,3,0,0,0,0,0,0,6 0,0,0,9,0,1,0,0,0 0,8,9,0,0,2,0,0,7 4,0,0,0,0,0,2,0,0 1,0,0,0,0,0,9,0,0 0,0,0,0,4,0,0,0,0

# Bad Problem/Impossible Problem (9*9 grid, 3*3 subgrid)
4,0,5,0,2,0,0,0,0 0,0,0,7,5,0,0,0,0 0,0,0,0,0,0,4,0,3 0,2,0,0,0,8,0,0,6 0,0,0,0,0,0,7,0,1 0,8,0,0,9,0,0,0,0 0,0,3,2,7,0,0,0,0 0,0,1,0,0,0,6,9,0 0,0,8,6,0,0,0,1,0
