# Working Problem (3*3, 1 len)
3,7,0,1,8,0,0,0,0 0,4,0,9,0,0,0,0,0 0,0,8,0,4,7,0,0,0 0,3,9,0,5,0,1,2,0 6,2,0,0,9,0,0,4,5 0,5,4,0,7,0,6,9,0 0,0,0,5,2,0,3,0,0 0,0,0,0,0,8,0,7,0 0,0,0,0,3,6,0,1,4
4,0,5,0,2,0,0,0,0 0,0,0,7,5,0,0,0,0 0,0,0,0,0,0,4,0,3 0,2,0,0,0,8,0,0,6 0,0,0,0,0,0,7,0,1 0,8,0,0,9,0,0,0,0 0,0,3,2,7,0,0,0,0 0,0,1,0,0,0,6,9,0 0,0,7,6,0,0,0,1,0
0,0,0,0,0,0,0,5,3 0,0,2,7,0,9,0,4,0 0,0,7,8,0,0,0,0,0 0,3,0,0,0,0,0,0,6 0,0,0,9,0,1,0,0,0 0,8,9,0,0,2,0,0,7 4,0,0,0,0,0,2,0,0 1,0,0,0,6,0,9,0,0 8,0,0,0,4,0,0,0,0

# Working Problem (3*4, 2 len)
0,0,10,0,1,0,0,0,0,9,0,0 0,4,1,0,0,0,5,0,0,0,3,0 5,0,0,2,6,0,10,3,0,0,4,1 0,0,0,10,0,0,0,2,1,5,0,0 0,0,9,11,0,4,0,0,0,12,0,10 0,8,5,0,0,10,11,7,0,0,0,0 0,0,0,0,4,12,6,0,0,11,9,0 10,0,11,0,0,0,3,0,5,2,0,0 0,0,7,6,11,0,0,0,12,0,0,0 4,1,0,0,2,7,0,6,11,0,0,12 0,2,0,0,0,3,0,0,0,7,5,0 0,0,3,0,0,0,0,12,0,1,0,0

# Incomplete Problem
0,0,0,0,0,0,0,5,3 0,0,2,7,0,9,0,4,0 0,0,7,8,0,0,0,0,0 0,3,0,0,0,0,0,0,6 0,0,0,9,0,1,0,0,0 0,8,9,0,0,2,0,0,7 4,0,0,0,0,0,2,0,0 1,0,0,0,0,0,9,0,0 0,0,0,0,4,0,0,0,0

# Bad Problem/Impossible Problem
4,0,5,0,2,0,0,0,0 0,0,0,7,5,0,0,0,0 0,0,0,0,0,0,4,0,3 0,2,0,0,0,8,0,0,6 0,0,0,0,0,0,7,0,1 0,8,0,0,9,0,0,0,0 0,0,3,2,7,0,0,0,0 0,0,1,0,0,0,6,9,0 0,0,8,6,0,0,0,1,0
